1 2324 2310 0.1662337662337662 0 0 18.05182926829268 18.10894941634241 12.97246127366609 14.32034632034632 369.86361640600137 366.51865519036295 266.94846709187675 266.94846709187675
1 2584 2467 0.9921259842519685 1 1 5.837675350701403 6.375 6.857198142414861 7.14471017430077 166.61383928571428 146.20411163007253 76.3460936975813 76.3460936975813
1 865 1731 0.7878787878787878 1 0 8.835164835164836 6.65 7.143352601156069 7.280762564991334 128.15826923076935 125.9178843134887 75.84072170804252 75.84072170804252
1 1894 1692 1.0 1 1 6.908771929824561 7.587234042553191 8.747096092925027 8.739952718676124 143.73175192394754 99.79518621114175 135.79929198971027 135.79929198971027
1 2024 1589 1.0 1 1 7.347682119205298 8.336448598130842 9.1151185770751 9.438640654499684 144.5783911258627 127.45858734265978 140.98822992665112 140.98822992665112
1 2596 2710 0.9957627118644068 1 0 15.10433070866142 14.60628465804067 13.25500770416025 13.46236162361624 133.60654090972773 164.35328833157692 264.3841236131936 264.3841236131936
1 1749 1470 1.0 1 1 8.412037037037036 8.581818181818182 7.778158947970269 7.721768707482993 134.07360881542695 166.8163365912209 152.63117534122762 152.63117534122762
1 3820 3827 0.99644128113879 0 1 14.5831960461285 14.53094462540717 12.73193717277487 12.75725111053044 201.96565480800922 224.69777364031435 300.9071999122834 300.9071999122834
1 2741 2621 0.8666666666666667 1 1 13.16150442477876 12.86577181208054 11.96205764319591 11.79435330026707 121.95513715598379 123.13099596679454 203.2710886519116 203.2710886519116
1 1656 1671 1.0 1 1 9.667785234899329 9.523809523809524 5.164855072463768 5.179533213644524 173.57641723356042 169.74533804783545 138.74516580025428 138.74516580025428
1 3791 3674 1.0 1 1 7.919104991394148 7.371171171171171 9.182537589026643 9.011431682090365 119.07664637610549 141.45817200446712 111.6453927692924 111.6453927692924
1 2485 2340 0.9947643979057592 1 1 7.063424947145877 7.541371158392435 9.781086519114687 10.24316239316239 147.46814658328165 112.26659038390194 2006.1565034472449 2006.1565034472449
-1 2144 2324 0.172972972972973 0 0 18.40191387559809 18.05182926829268 14.13013059701493 12.97246127366609 366.51865519036295 354.78583365765485 451.1990175202549 451.1990175202549
-1 2584 2217 0.3802083333333333 0 0 5.837675350701403 11.23383084577114 6.857198142414861 11.09111411817772 167.37318383208313 146.20411163007253 76.3460936975813 76.3460936975813
-1 865 986 0.3072625698324022 0 0 8.835164835164836 8.303370786516854 7.143352601156069 9.892494929006086 134.34616841307917 125.9178843134887 75.84072170804252 75.84072170804252
-1 2278 1894 0.2697095435684647 0 0 10.14146341463415 6.908771929824561 10.46839332748025 8.747096092925027 99.79518621114175 122.70681737061277 301.51941366092024 301.51941366092024
-1 1934 2596 0.1364902506963788 0 0 16.80789473684211 15.10433070866142 18.0506721820062 13.25500770416025 164.35328833157692 106.50783240997238 695.1370393620404 695.1370393620404
-1 1749 2119 0.4478260869565217 0 1 8.412037037037036 9.89820359281437 7.778158947970269 15.27748938178386 123.81598479687335 166.8163365912209 152.63117534122762 152.63117534122762
-1 3820 5218 0.1476510067114094 0 1 14.5831960461285 13.63409563409563 12.73193717277487 11.87140666922192 138.15301628191452 224.69777364031435 300.9071999122834 300.9071999122834
-1 1074 2741 0.1571815718157182 0 0 14.82183908045977 13.16150442477876 12.64059590316574 11.96205764319591 123.13099596679454 111.76710926146113 240.42576351827117 240.42576351827117
-1 1163 1671 0.514018691588785 1 0 8.706214689265536 9.523809523809524 8.23645743766122 5.179533213644524 173.57641723356042 90.70465064317408 454.6947327640978 454.6947327640978
-1 2377 3791 0.3020408163265306 0 1 8.075829383886257 7.919104991394148 12.34960033655869 9.182537589026643 141.45817200446712 126.98951056804653 671.2513597477155 671.2513597477155
-1 3093 2485 0.3619631901840491 1 1 13.72677595628415 7.063424947145877 11.97381183317168 9.781086519114687 112.26659038390194 166.77234315745474 6041.619424105551 6041.619424105551
1 1953 1645 0.01415094339622642 0 0 11.18363273453094 11.09766454352442 29.96006144393241 35.00121580547112 121.97772278343474 117.59102951781078 6115.132045464627 6115.132045464627
1 322 321 1.0 1 1 21.61702127659574 23.39583333333333 10.44409937888199 10.8785046728972 489.23914930555526 383.72566772295164 763.6940800895036 763.6940800895036
1 909 907 0.9166666666666667 1 1 5.876494023904382 7.394308943089431 50.89328932893289 42.49173098125689 77.49086192081428 46.689925556737144 16902.077721743473 16902.077721743473
1 576 576 0.987012987012987 1 0 20.59090909090909 20.74157303370787 7.885416666666667 7.961805555555556 508.97815932331775 487.1735537190083 130.9104817708331 130.9104817708331
1 1363 2336 0.9107142857142857 1 0 14.39166666666667 14.36363636363636 30.0498899486427 45.98758561643836 185.1301062573789 188.688263888889 10135.59839140395 10135.59839140395
1 767 636 0.02173913043478261 0 0 8.969465648854962 9.263157894736842 6.910039113428944 7.320754716981132 27.053554939981506 26.02196841675895 72.76765671294194 72.76765671294194
1 1866 1076 0.7672413793103448 1 0 7.839464882943144 9.359322033898305 12.9935691318328 10.0046468401487 122.66410801493828 94.57957964676042 1119.2721987297007 1119.2721987297007
1 819 751 0.8414634146341463 1 0 14.76086956521739 16.86585365853659 18.31501831501832 13.69906790945406 374.55517549077945 203.13846880907357 1595.832387392827 1595.832387392827
1 746 774 0.9450549450549451 1 1 11.93121693121693 11.685 10.92359249329759 10.09948320413437 69.165775 71.3233112174911 688.2689608205309 688.2689608205309
1 949 1055 0.95 1 0 10.10775862068966 10.19475655430712 9.891464699683878 12.38862559241706 27.32536576470423 29.27718118311531 2060.570938739803 2060.570938739803
1 384 474 0.8591549295774648 1 1 17.52631578947368 14.26315789473684 12.3984375 14.49789029535865 88.72022160664821 122.67036011080332 1714.8646850585938 1714.8646850585938
-1 1953 1073 0.01185770750988142 0 0 11.18363273453094 12.27304964539007 29.96006144393241 8.714818266542403 108.87225240179056 117.59102951781078 6115.132045464627 6115.132045464627
-1 680 322 0.01986754966887417 0 0 13.04545454545455 21.61702127659574 7.425 10.44409937888199 383.72566772295164 131.0433884297521 326.30025735294464 326.30025735294464
-1 909 688 0.01648351648351648 0 0 5.876494023904382 10.14634146341463 50.89328932893289 15.78052325581395 74.14931588340272 46.689925556737144 16902.077721743473 16902.077721743473
-1 576 1081 0.01244813278008299 0 0 20.59090909090909 13.37984496124031 7.885416666666667 12.8168362627197 248.96424493720323 487.1735537190083 130.9104817708331 130.9104817708331
-1 1363 869 0.01181102362204724 0 0 14.39166666666667 19.12025316455696 30.0498899486427 20.92980437284235 305.4349062650218 188.688263888889 10135.59839140395 10135.59839140395
-1 767 755 0.0154639175257732 0 0 8.969465648854962 11.52054794520548 6.910039113428944 6.760264900662252 42.33176956276969 26.02196841675895 72.76765671294194 72.76765671294194
-1 1682 1866 0.01027397260273973 0 0 14.21132075471698 7.839464882943144 10.52021403091558 12.9935691318328 94.57957964676042 220.20440014239932 546.0094011432554 546.0094011432554
-1 537 819 0.01744186046511628 0 0 13.95714285714286 14.76086956521739 7.143389199255121 18.31501831501832 203.13846880907357 224.4410204081632 115.41891812226704 115.41891812226704
-1 527 746 0.0155440414507772 0 0 13.54411764705882 11.93121693121693 13.44971537001898 10.92359249329759 71.3233112174911 85.68923010380621 1671.1393120632115 1671.1393120632115
-1 949 727 0.0154639175257732 0 0 10.10775862068966 9.674603174603176 9.891464699683878 6.583218707015131 32.63221214411693 29.27718118311531 2060.570938739803 2060.570938739803
-1 384 796 0.01612903225806452 0 0 17.52631578947368 15.14285714285714 12.3984375 16.86683417085427 129.76530612244886 122.67036011080332 1714.8646850585938 1714.8646850585938
